0.000000000000000000e+00 1.401270704548254198e+00 1.345114234521263885e+00 3.004299327390934859e+00 3.065969553217357202e+00 3.144928062956936277e+00 1.948579406682518611e+00 2.005100413497051370e+00 2.059881795086581757e+00
1.401270704548254198e+00 0.000000000000000000e+00 1.358088410764414888e+00 2.981537859560906778e+00 2.954808961014865787e+00 3.134851949809666305e+00 1.749122470915289052e+00 1.793201974057829107e+00 1.847747823981410464e+00
1.345114234521263885e+00 1.358088410764414888e+00 0.000000000000000000e+00 2.981636004107243387e+00 2.990968699274438425e+00 3.095865576929127450e+00 1.881163130111365822e+00 1.933014308003427439e+00 1.956652990626209565e+00
3.004299327390934859e+00 2.981537859560906778e+00 2.981636004107243387e+00 0.000000000000000000e+00 2.203934478369197869e+00 2.224944843993394983e+00 2.571356233202642283e+00 2.590709228976661560e+00 2.592438274959930400e+00
3.065969553217357202e+00 2.954808961014865787e+00 2.990968699274438425e+00 2.203934478369197869e+00 0.000000000000000000e+00 2.270986571079550931e+00 2.493635457771320230e+00 2.539757835235169736e+00 2.539880013070954679e+00
3.144928062956936277e+00 3.134851949809666305e+00 3.095865576929127450e+00 2.224944843993394983e+00 2.270986571079550931e+00 0.000000000000000000e+00 2.573270417931452059e+00 2.616738261765125806e+00 2.628192856147795631e+00
1.948579406682518611e+00 1.749122470915289052e+00 1.881163130111365822e+00 2.571356233202642283e+00 2.493635457771320230e+00 2.573270417931452059e+00 0.000000000000000000e+00 7.471795213207346187e-01 9.660354777889317290e-01
2.005100413497051370e+00 1.793201974057829107e+00 1.933014308003427439e+00 2.590709228976661560e+00 2.539757835235169736e+00 2.616738261765125806e+00 7.471795213207346187e-01 0.000000000000000000e+00 5.166019334359258641e-01
2.059881795086581757e+00 1.847747823981410464e+00 1.956652990626209565e+00 2.592438274959930400e+00 2.539880013070954679e+00 2.628192856147795631e+00 9.660354777889317290e-01 5.166019334359258641e-01 0.000000000000000000e+00
