0.000000000000000000e+00 1.409326153827347605e+00 1.347218359290007994e+00 1.993276972119107038e+00 2.527915750671718698e+00 3.671417934865665700e+00 1.974587176374731134e+00 2.226960711029636997e+00 3.374802585953566414e+00 3.004299042588064239e+00 3.069942112655938971e+00 3.144928062956936277e+00 1.948579406682518611e+00 2.005100342375671474e+00 2.059881864316526201e+00 2.371399889925375870e+00 2.818186707748155495e+00 3.045738296680740476e+00 3.281038947929900029e+00 3.264345431914487339e+00 3.465223801284796235e+00 3.030228949035344232e+00 3.444566633216551210e+00 3.465452606256376633e+00 2.195758463823933138e+00 2.273790875441162207e+00 2.288498877016359678e+00 2.802018574488509994e+00 3.045358364745992752e+00 3.221650291698430646e+00 1.969669414264608509e+00 1.940271079007293231e+00 2.008915575180944657e+00 3.733145473695678618e+00 3.741761814729634317e+00 3.808810108729932420e+00 2.006412387068785108e+00
1.409326153827347605e+00 0.000000000000000000e+00 1.358088463266704515e+00 1.709877801763218574e+00 2.489829450712071957e+00 3.947167415226510823e+00 1.736734921068259441e+00 2.312634184033194096e+00 3.664568814902107619e+00 2.981537955219932368e+00 2.954808961014865787e+00 3.137689263499740200e+00 1.749122552445030010e+00 1.793202053583450972e+00 1.847747669625378508e+00 2.312587195841243837e+00 2.794206471834712158e+00 3.108553025012857685e+00 3.184515228252941199e+00 3.147211513552865547e+00 3.280300680430130011e+00 2.906778518481457407e+00 3.357663319090995024e+00 3.503287346588728202e+00 2.126437514137975882e+00 2.173809863218483684e+00 2.104420317862701229e+00 3.094038723783181677e+00 3.272260438316031195e+00 3.473383788462463428e+00 1.761520459640281366e+00 1.799555630760659497e+00 1.849792064862610497e+00 4.009754017603584408e+00 4.002944718001580249e+00 4.041844477608829145e+00 1.846372617460723120e+00
1.347218359290007994e+00 1.358088463266704515e+00 0.000000000000000000e+00 2.009396875698497009e+00 2.584359827695351886e+00 3.766914491569866463e+00 2.002829288483042536e+00 2.277434076443647371e+00 3.504128398487982743e+00 2.983091244478216275e+00 3.018053157221238347e+00 3.117155018657042032e+00 1.881163054304272997e+00 1.933014308003427439e+00 1.956652990626209565e+00 2.331303839876521344e+00 2.714401558950528592e+00 2.973980305655337997e+00 3.203276723099150569e+00 3.203276723099150569e+00 3.435646603687055656e+00 2.986528805333890979e+00 3.316720758667432101e+00 3.397909827844177055e+00 2.217184788343102397e+00 2.244484738342901853e+00 2.231392198962332429e+00 2.922916533093856906e+00 3.116249979791547275e+00 3.305356209684093383e+00 1.926293279746044362e+00 1.915893605460329052e+00 1.962454136080281408e+00 3.855661618327117512e+00 3.851061366115834161e+00 3.858308315831890933e+00 1.959731670713102947e+00
1.993276972119107038e+00 1.709877801763218574e+00 2.009396875698497009e+00 0.000000000000000000e+00 3.241920855914054211e+00 4.273201299128539077e+00 5.758487282868151036e-01 3.131342315465805548e+00 4.004120317818603780e+00 2.574305528856187131e+00 2.529816806822305697e+00 2.617602121397799575e+00 1.207712049596742832e+00 1.321307427178904703e+00 1.371912105255767900e+00 1.677869825836697970e+00 1.808473383252159561e+00 2.094320412430739964e+00 2.894672766627389038e+00 2.806124328514230104e+00 2.894672766627389038e+00 1.883435742671562441e+00 2.287461986511301504e+00 2.430537342545988189e+00 2.049486789674771714e+00 2.071126997138900805e+00 1.785198947512344425e+00 3.819898358164207419e+00 4.010911835504542999e+00 4.144917927555167303e+00 1.174385332079350031e+00 1.235600322621789093e+00 1.312188403937236014e+00 2.985276262111655310e+00 3.028988544551263207e+00 3.142518979231101905e+00 1.310907937256477584e+00
2.527915750671718698e+00 2.489829450712071957e+00 2.584359827695351886e+00 3.241920855914054211e+00 0.000000000000000000e+00 3.698157022376082459e+00 3.174972806473434161e+00 2.425643242524419652e+00 3.401454996310350865e+00 3.810881528161845555e+00 3.995342502167148258e+00 3.968324541180511034e+00 3.151054680433207356e+00 3.178366604757961955e+00 3.195892721324505636e+00 3.546575694224322284e+00 3.949325001661676549e+00 4.071716551453413047e+00 4.097755729522883250e+00 4.168368306395542788e+00 4.368047974911371867e+00 4.132036532434560705e+00 4.288037986967036197e+00 4.307325333619889562e+00 3.161789866153391415e+00 3.175090482914359580e+00 3.252307371697373828e+00 2.733611062343180631e+00 2.797982533905354341e+00 2.944875642352218659e+00 3.200465829758735392e+00 3.249556620209865798e+00 3.268302015034382002e+00 4.463457945411993144e+00 4.462313493347243920e+00 4.566642914842613976e+00 3.265482811710201716e+00
3.671417934865665700e+00 3.947167415226510823e+00 3.766914491569866463e+00 4.273201299128539077e+00 3.698157022376082459e+00 0.000000000000000000e+00 4.263398694983735027e+00 3.802846036620707526e+00 2.533000716930975837e+00 4.590367510258281492e+00 4.582566234748036926e+00 4.647306995079284242e+00 4.198726385908783776e+00 3.913097094807857168e+00 3.907999608175517725e+00 4.701652360495662819e+00 4.754180854572616077e+00 4.857620703487315339e+00 4.431467615565269469e+00 4.657265960086970580e+00 5.042475287390964844e+00 4.579318237451925455e+00 4.865542296969986857e+00 4.989810093361812804e+00 4.615890423290480271e+00 4.304569629112862117e+00 4.398251070379656902e+00 4.000597615029566789e+00 3.925970664137199861e+00 3.925235695662257829e+00 4.283802731051699730e+00 4.247462542225080462e+00 4.248957274847713350e+00 5.334621856096899428e+00 5.452871223307861115e+00 5.583672329673684764e+00 4.247177822770784594e+00
1.974587176374731134e+00 1.736734921068259441e+00 2.002829288483042536e+00 5.758487282868151036e-01 3.174972806473434161e+00 4.263398694983735027e+00 0.000000000000000000e+00 3.118768246135264821e+00 3.995285250287190948e+00 2.585726390428423116e+00 2.542777992319482649e+00 2.625223161339087508e+00 1.314337645490286421e+00 1.362513078824520329e+00 1.406201373851006631e+00 1.779952728178952004e+00 1.901109045076174509e+00 2.149113569816717639e+00 2.922704977326966436e+00 2.825751048034877755e+00 2.933555662879490100e+00 1.979822643356150769e+00 2.380819700624619450e+00 2.509345780583424279e+00 2.027015898987859721e+00 2.047703207142092641e+00 1.789833604177769155e+00 3.742839310563853772e+00 3.936947430538487502e+00 4.062223379780727228e+00 1.275347310626675057e+00 1.341955873001370758e+00 1.422842006626669598e+00 3.051119213266352492e+00 3.072109085315014809e+00 3.178433905362265666e+00 1.420827193727899118e+00
2.226960711029636997e+00 2.312634184033194096e+00 2.277434076443647371e+00 3.131342315465805548e+00 2.425643242524419652e+00 3.802846036620707526e+00 3.118768246135264821e+00 0.000000000000000000e+00 3.402692225299106088e+00 3.760604135430898776e+00 3.848366996211406654e+00 3.888376163398303831e+00 3.032077975037427819e+00 3.053011639334334948e+00 3.077139894372934226e+00 3.404145340310194001e+00 3.788101076961345015e+00 3.930994349758460960e+00 4.005488827736738422e+00 4.092395393704182815e+00 4.277323029304780810e+00 4.002569781365728829e+00 4.255834164313895940e+00 4.265731978905688671e+00 3.131669649463418192e+00 3.122020520344774397e+00 3.194576651754800878e+00 3.028422116311776158e+00 2.909742172251817305e+00 3.056143978521030036e+00 3.077357701225336584e+00 3.064629890377805310e+00 3.091112996329115958e+00 4.357362070021055800e+00 4.383161873121633967e+00 4.503451630883317236e+00 3.088601177238419648e+00
3.374802585953566414e+00 3.664568814902107619e+00 3.504128398487982743e+00 4.004120317818603780e+00 3.401454996310350865e+00 2.533000716930975837e+00 3.995285250287190948e+00 3.402692225299106088e+00 0.000000000000000000e+00 4.444873688470172723e+00 4.591305615154836595e+00 4.701559182944540893e+00 3.885325822202042367e+00 3.668692073429397738e+00 3.669006759054119549e+00 4.319830620212413486e+00 4.638797568851638964e+00 4.777317795027919090e+00 4.310299626793543837e+00 4.505566158155915879e+00 4.942847460652179947e+00 4.592814878357641462e+00 4.841760783879946572e+00 4.943110804481290366e+00 4.259186616451747120e+00 4.027623420806692778e+00 4.039344024901083685e+00 3.647419774026363193e+00 3.590837147434080112e+00 3.600612796587839615e+00 4.003918306199080845e+00 3.975174058854435977e+00 3.977849361096219116e+00 5.225261673594447487e+00 5.272077479090338414e+00 5.319701173501239388e+00 3.976657388402987880e+00
3.004299042588064239e+00 2.981537955219932368e+00 2.983091244478216275e+00 2.574305528856187131e+00 3.810881528161845555e+00 4.590367510258281492e+00 2.585726390428423116e+00 3.760604135430898776e+00 4.444873688470172723e+00 0.000000000000000000e+00 2.206887834177062579e+00 2.241674307905459962e+00 2.571356233202642283e+00 2.590709339066594286e+00 2.592438164943418499e+00 2.728081877061200977e+00 2.870931251957832053e+00 3.061029215265674175e+00 3.464723340629494164e+00 3.375374514094279910e+00 3.464723340629494164e+00 2.808199837640654728e+00 3.103819503980305594e+00 3.225411484154306674e+00 2.740911746100626267e+00 2.648123779595469518e+00 2.608327453909786264e+00 4.154356831365837444e+00 4.374822676646769715e+00 4.431471219745978907e+00 2.591425044933306943e+00 2.661958072850710622e+00 2.601609092612721330e+00 3.719683419236098576e+00 3.639110192356709295e+00 3.679957455943681399e+00 2.601847633717805586e+00
3.069942112655938971e+00 2.954808961014865787e+00 3.018053157221238347e+00 2.529816806822305697e+00 3.995342502167148258e+00 4.582566234748036926e+00 2.542777992319482649e+00 3.848366996211406654e+00 4.591305615154836595e+00 2.206887834177062579e+00 0.000000000000000000e+00 2.270986696668582105e+00 2.493635457771320230e+00 2.539757835235169736e+00 2.539880237657152762e+00 2.674434815199933979e+00 2.825082188036107222e+00 3.016111846929628193e+00 3.475993682464693979e+00 3.408478877751178526e+00 3.459717390442313523e+00 2.755115764540974066e+00 3.040370558386165101e+00 3.200895693908614614e+00 2.758497877887823080e+00 2.725372362800550619e+00 2.618566229987769667e+00 4.356826746379779181e+00 4.604306277705621397e+00 4.580945761499627622e+00 2.493546357599954355e+00 2.562645801285762470e+00 2.515393816109939618e+00 3.709823907557825873e+00 3.670413962906302174e+00 3.723277794111818473e+00 2.515905929559590692e+00
3.144928062956936277e+00 3.137689263499740200e+00 3.117155018657042032e+00 2.617602121397799575e+00 3.968324541180511034e+00 4.647306995079284242e+00 2.625223161339087508e+00 3.888376163398303831e+00 4.701559182944540893e+00 2.241674307905459962e+00 2.270986696668582105e+00 0.000000000000000000e+00 2.573270528767453769e+00 2.616738588749674133e+00 2.628192856147795631e+00 2.751789298481789992e+00 2.871867221891066801e+00 3.024445472569306848e+00 3.585110628278806999e+00 3.459943262261187424e+00 3.531036766781745939e+00 2.827786029248380739e+00 3.043048722262922556e+00 3.103431886348378743e+00 2.799137519451972089e+00 2.831851503923631164e+00 2.657469054376888629e+00 4.209812947499587565e+00 4.420684685486286902e+00 4.444144699747698546e+00 2.602779225416878006e+00 2.668587132730298350e+00 2.644114837787662875e+00 3.629664231618040748e+00 3.616398531389462878e+00 3.654891811799351409e+00 2.645398674976839448e+00
1.948579406682518611e+00 1.749122552445030010e+00 1.881163054304272997e+00 1.207712049596742832e+00 3.151054680433207356e+00 4.198726385908783776e+00 1.314337645490286421e+00 3.032077975037427819e+00 3.885325822202042367e+00 2.571356233202642283e+00 2.493635457771320230e+00 2.573270528767453769e+00 0.000000000000000000e+00 7.471795690353388864e-01 9.660354777889317290e-01 1.358824136089656465e+00 1.822057810792401034e+00 2.163977227435317729e+00 2.666526814533936918e+00 2.544056241289094800e+00 2.667434641217102165e+00 1.709042086392048798e+00 2.286193219418321654e+00 2.470936910310384427e+00 1.832924286468951891e+00 1.855160105601088905e+00 1.609801242637296292e+00 3.543066576969393644e+00 3.758539306279985670e+00 3.917402013215948386e+00 8.370897047650039946e-01 8.923011440052992516e-01 9.573628847965470756e-01 3.171618181675238457e+00 3.262104105719763503e+00 3.350444552318400326e+00 9.570879459412614532e-01
2.005100342375671474e+00 1.793202053583450972e+00 1.933014308003427439e+00 1.321307427178904703e+00 3.178366604757961955e+00 3.913097094807857168e+00 1.362513078824520329e+00 3.053011639334334948e+00 3.668692073429397738e+00 2.590709339066594286e+00 2.539757835235169736e+00 2.616738588749674133e+00 7.471795690353388864e-01 0.000000000000000000e+00 5.166019506887531421e-01 1.705764354230289159e+00 2.084809442869254514e+00 2.394845707758138875e+00 2.642855521889049264e+00 2.546863353565481880e+00 2.680125229057168212e+00 1.745628366536434051e+00 2.337600601977330328e+00 2.543411870595706059e+00 1.902298509256425074e+00 1.899918836219502971e+00 1.785873584441237671e+00 3.569267863264300900e+00 3.797810996462442468e+00 3.953792170622460578e+00 1.178347463556808972e+00 1.171538113570317119e+00 1.220363431123316023e+00 3.298645720001395887e+00 3.415446895928084814e+00 3.525805127104943981e+00 1.219467175124226754e+00
2.059881864316526201e+00 1.847747669625378508e+00 1.956652990626209565e+00 1.371912105255767900e+00 3.195892721324505636e+00 3.907999608175517725e+00 1.406201373851006631e+00 3.077139894372934226e+00 3.669006759054119549e+00 2.592438164943418499e+00 2.539880237657152762e+00 2.628192856147795631e+00 9.660354777889317290e-01 5.166019506887531421e-01 0.000000000000000000e+00 1.818276840229012148e+00 2.132386542355601211e+00 2.440499451923595409e+00 2.587400234296427293e+00 2.500100848579230650e+00 2.587400234296427293e+00 1.694387122815390390e+00 2.289025992699534218e+00 2.511129373691832090e+00 1.904739372789037155e+00 1.908308243234679846e+00 1.794440555523838965e+00 3.594508948202676635e+00 3.825280568744531262e+00 3.983714812677619399e+00 1.207396796396527749e+00 1.174519200925304929e+00 1.199870585655890887e+00 3.251576439647979822e+00 3.360377349919097867e+00 3.466268773741249642e+00 1.197197447856658936e+00
2.371399889925375870e+00 2.312587195841243837e+00 2.331303839876521344e+00 1.677869825836697970e+00 3.546575694224322284e+00 4.701652360495662819e+00 1.779952728178952004e+00 3.404145340310194001e+00 4.319830620212413486e+00 2.728081877061200977e+00 2.674434815199933979e+00 2.751789298481789992e+00 1.358824136089656465e+00 1.705764354230289159e+00 1.818276840229012148e+00 0.000000000000000000e+00 9.840831179551448038e-01 1.410081767666265140e+00 2.534988419078910482e+00 2.212187028229754215e+00 2.368456109975803692e+00 1.812994822732854061e+00 1.854642162476635381e+00 2.043758523866517240e+00 2.023211538595641290e+00 2.155680164042064639e+00 1.929345974048372936e+00 3.822629805642595802e+00 4.072054163382533787e+00 4.187404099892246379e+00 1.317947146416047710e+00 1.317413652984465777e+00 1.302237316878257500e+00 2.738687978704251957e+00 2.695936962064275910e+00 2.603906115275659516e+00 1.305074919569187752e+00
2.818186707748155495e+00 2.794206471834712158e+00 2.714401558950528592e+00 1.808473383252159561e+00 3.949325001661676549e+00 4.754180854572616077e+00 1.901109045076174509e+00 3.788101076961345015e+00 4.638797568851638964e+00 2.870931251957832053e+00 2.825082188036107222e+00 2.871867221891066801e+00 1.822057810792401034e+00 2.084809442869254514e+00 2.132386542355601211e+00 9.840831179551448038e-01 0.000000000000000000e+00 6.265702815891441846e-01 2.830634600625893782e+00 2.392528094973299435e+00 2.391370294917201544e+00 2.140753103792732759e+00 1.793591925316473823e+00 1.519839604401435507e+00 2.234677630271726390e+00 2.464961454813229480e+00 2.108939778028362966e+00 4.161870749198194552e+00 4.391801121701866428e+00 4.431245180454254751e+00 1.616427375933617405e+00 1.550309115831126405e+00 1.493852943546009726e+00 1.905043764909752468e+00 1.861848162314066579e+00 1.853978627233144660e+00 1.499664078885619478e+00
3.045738296680740476e+00 3.108553025012857685e+00 2.973980305655337997e+00 2.094320412430739964e+00 4.071716551453413047e+00 4.857620703487315339e+00 2.149113569816717639e+00 3.930994349758460960e+00 4.777317795027919090e+00 3.061029215265674175e+00 3.016111846929628193e+00 3.024445472569306848e+00 2.163977227435317729e+00 2.394845707758138875e+00 2.440499451923595409e+00 1.410081767666265140e+00 6.265702815891441846e-01 0.000000000000000000e+00 2.920248716538157652e+00 2.469649341172897028e+00 2.365402079723183615e+00 2.337785806055101112e+00 1.924076032389847146e+00 1.582931545132985951e+00 2.437031448346082207e+00 2.736571422587025459e+00 2.364495052804850062e+00 4.243721256681457277e+00 4.400448816269613594e+00 4.431221494576334408e+00 1.957120037987673866e+00 1.887271376118428323e+00 1.824256390136300254e+00 1.475940301058118465e+00 1.433042706571346692e+00 1.430356239785304906e+00 1.829012809624003477e+00
3.281038947929900029e+00 3.184515228252941199e+00 3.203276723099150569e+00 2.894672766627389038e+00 4.097755729522883250e+00 4.431467615565269469e+00 2.922704977326966436e+00 4.005488827736738422e+00 4.310299626793543837e+00 3.464723340629494164e+00 3.475993682464693979e+00 3.585110628278806999e+00 2.666526814533936918e+00 2.642855521889049264e+00 2.587400234296427293e+00 2.534988419078910482e+00 2.830634600625893782e+00 2.920248716538157652e+00 0.000000000000000000e+00 7.251985858823474240e-01 1.202333972059492107e+00 2.854840545589512057e+00 3.134832297917852451e+00 3.209659855782516669e+00 3.138752594889818948e+00 3.211366406507639937e+00 2.993728213848450004e+00 4.278427770794952067e+00 4.405728514411503483e+00 4.431230762978424664e+00 2.713314043040256252e+00 2.696849906073352621e+00 2.708569401705472224e+00 3.427700327624325638e+00 3.377933651922474301e+00 3.407703104429874674e+00 2.735789749996202946e+00
3.264345431914487339e+00 3.147211513552865547e+00 3.203276723099150569e+00 2.806124328514230104e+00 4.168368306395542788e+00 4.657265960086970580e+00 2.825751048034877755e+00 4.092395393704182815e+00 4.505566158155915879e+00 3.375374514094279910e+00 3.408478877751178526e+00 3.459943262261187424e+00 2.544056241289094800e+00 2.546863353565481880e+00 2.500100848579230650e+00 2.212187028229754215e+00 2.392528094973299435e+00 2.469649341172897028e+00 7.251985858823474240e-01 0.000000000000000000e+00 7.160932225878291479e-01 2.635607539947685041e+00 2.786031794187097788e+00 2.896466927649492096e+00 2.997057270642894178e+00 3.100427080509499334e+00 2.886596456338335059e+00 4.278427770794952067e+00 4.437389963424445583e+00 4.436353223216660702e+00 2.556202370851663019e+00 2.579665135766624484e+00 2.568759761831395760e+00 3.044764913060309386e+00 3.015967352001861723e+00 3.069870110931749885e+00 2.574861974108739737e+00
3.465223801284796235e+00 3.280300680430130011e+00 3.435646603687055656e+00 2.894672766627389038e+00 4.368047974911371867e+00 5.042475287390964844e+00 2.933555662879490100e+00 4.277323029304780810e+00 4.942847460652179947e+00 3.464723340629494164e+00 3.459717390442313523e+00 3.531036766781745939e+00 2.667434641217102165e+00 2.680125229057168212e+00 2.587400234296427293e+00 2.368456109975803692e+00 2.391370294917201544e+00 2.365402079723183615e+00 1.202333972059492107e+00 7.160932225878291479e-01 0.000000000000000000e+00 2.551513437505822601e+00 2.777408573574445594e+00 2.733794372599365197e+00 3.138752594889818948e+00 3.211366406507639937e+00 2.993728213848450004e+00 4.351388744140025189e+00 4.615491743784739143e+00 4.563752318609470393e+00 2.698142371090320513e+00 2.695570682135335794e+00 2.687668415141155620e+00 2.935027454293184679e+00 2.874384374324269409e+00 2.938953318530056702e+00 2.667628913844131588e+00
3.030228949035344232e+00 2.906778518481457407e+00 2.986528805333890979e+00 1.883435742671562441e+00 4.132036532434560705e+00 4.579318237451925455e+00 1.979822643356150769e+00 4.002569781365728829e+00 4.592814878357641462e+00 2.808199837640654728e+00 2.755115764540974066e+00 2.827786029248380739e+00 1.709042086392048798e+00 1.745628366536434051e+00 1.694387122815390390e+00 1.812994822732854061e+00 2.140753103792732759e+00 2.337785806055101112e+00 2.854840545589512057e+00 2.635607539947685041e+00 2.551513437505822601e+00 0.000000000000000000e+00 8.263638165699679350e-01 1.089474233805405756e+00 2.414788986502872881e+00 2.599361610609474127e+00 2.238464255405760106e+00 4.273355875687693484e+00 4.492426281240164521e+00 4.464562241101909024e+00 1.673905705921771681e+00 1.699181781005620229e+00 1.666564605535128640e+00 2.394662415556151114e+00 2.569085949107555500e+00 2.673725328725751194e+00 1.672245488035376093e+00
3.444566633216551210e+00 3.357663319090995024e+00 3.316720758667432101e+00 2.287461986511301504e+00 4.288037986967036197e+00 4.865542296969986857e+00 2.380819700624619450e+00 4.255834164313895940e+00 4.841760783879946572e+00 3.103819503980305594e+00 3.040370558386165101e+00 3.043048722262922556e+00 2.286193219418321654e+00 2.337600601977330328e+00 2.289025992699534218e+00 1.854642162476635381e+00 1.793591925316473823e+00 1.924076032389847146e+00 3.134832297917852451e+00 2.786031794187097788e+00 2.777408573574445594e+00 8.263638165699679350e-01 0.000000000000000000e+00 5.406902424507752380e-01 2.753917668126061091e+00 3.031247930014226988e+00 2.612248945478628404e+00 4.391762676049939529e+00 4.586661425988737051e+00 4.502300367706646433e+00 2.185208441217361575e+00 2.204428898260694325e+00 2.164320274215297601e+00 2.027308755021378417e+00 2.152217760689556503e+00 2.285551396411408920e+00 2.168096454993060362e+00
3.465452606256376633e+00 3.503287346588728202e+00 3.397909827844177055e+00 2.430537342545988189e+00 4.307325333619889562e+00 4.989810093361812804e+00 2.509345780583424279e+00 4.265731978905688671e+00 4.943110804481290366e+00 3.225411484154306674e+00 3.200895693908614614e+00 3.103431886348378743e+00 2.470936910310384427e+00 2.543411870595706059e+00 2.511129373691832090e+00 2.043758523866517240e+00 1.519839604401435507e+00 1.582931545132985951e+00 3.209659855782516669e+00 2.896466927649492096e+00 2.733794372599365197e+00 1.089474233805405756e+00 5.406902424507752380e-01 0.000000000000000000e+00 2.889357929073001152e+00 3.124632717902599222e+00 2.736630307396645367e+00 4.413918343419748425e+00 4.594203955890264979e+00 4.505650475530904586e+00 2.360697343663327175e+00 2.380233949346470368e+00 2.340338127010038960e+00 1.740241391624856027e+00 1.857605408664747992e+00 1.983456650586211678e+00 2.344045809798332325e+00
2.195758463823933138e+00 2.126437514137975882e+00 2.217184788343102397e+00 2.049486789674771714e+00 3.161789866153391415e+00 4.615890423290480271e+00 2.027015898987859721e+00 3.131669649463418192e+00 4.259186616451747120e+00 2.740911746100626267e+00 2.758497877887823080e+00 2.799137519451972089e+00 1.832924286468951891e+00 1.902298509256425074e+00 1.904739372789037155e+00 2.023211538595641290e+00 2.234677630271726390e+00 2.437031448346082207e+00 3.138752594889818948e+00 2.997057270642894178e+00 3.138752594889818948e+00 2.414788986502872881e+00 2.753917668126061091e+00 2.889357929073001152e+00 0.000000000000000000e+00 1.333582269597557879e+00 1.295174770094961847e+00 3.136777965355972864e+00 3.375632728851504893e+00 3.549970794272386154e+00 1.777755348959328741e+00 1.804721715119481429e+00 1.815968309367737898e+00 3.314806027022906054e+00 3.258228933440724173e+00 3.186736303567106798e+00 1.815626206427446876e+00
2.273790875441162207e+00 2.173809863218483684e+00 2.244484738342901853e+00 2.071126997138900805e+00 3.175090482914359580e+00 4.304569629112862117e+00 2.047703207142092641e+00 3.122020520344774397e+00 4.027623420806692778e+00 2.648123779595469518e+00 2.725372362800550619e+00 2.831851503923631164e+00 1.855160105601088905e+00 1.899918836219502971e+00 1.908308243234679846e+00 2.155680164042064639e+00 2.464961454813229480e+00 2.736571422587025459e+00 3.211366406507639937e+00 3.100427080509499334e+00 3.211366406507639937e+00 2.599361610609474127e+00 3.031247930014226988e+00 3.124632717902599222e+00 1.333582269597557879e+00 0.000000000000000000e+00 1.316938094105486678e+00 3.196234682153288542e+00 3.363896618776157865e+00 3.520780876618478494e+00 1.781088433144402572e+00 1.814196310076940710e+00 1.815338400498264670e+00 3.598787769530143343e+00 3.537085975965620133e+00 3.530969240244794971e+00 1.812975787535947347e+00
2.288498877016359678e+00 2.104420317862701229e+00 2.231392198962332429e+00 1.785198947512344425e+00 3.252307371697373828e+00 4.398251070379656902e+00 1.789833604177769155e+00 3.194576651754800878e+00 4.039344024901083685e+00 2.608327453909786264e+00 2.618566229987769667e+00 2.657469054376888629e+00 1.609801242637296292e+00 1.785873584441237671e+00 1.794440555523838965e+00 1.929345974048372936e+00 2.108939778028362966e+00 2.364495052804850062e+00 2.993728213848450004e+00 2.886596456338335059e+00 2.993728213848450004e+00 2.238464255405760106e+00 2.612248945478628404e+00 2.736630307396645367e+00 1.295174770094961847e+00 1.316938094105486678e+00 0.000000000000000000e+00 3.481501384613121974e+00 3.685078914232094327e+00 3.813294692723262713e+00 1.468706647286586398e+00 1.494491969621106531e+00 1.494873460694086331e+00 3.130194281241622356e+00 3.099281214363545978e+00 3.209262981601217035e+00 1.493655181871906601e+00
2.802018574488509994e+00 3.094038723783181677e+00 2.922916533093856906e+00 3.819898358164207419e+00 2.733611062343180631e+00 4.000597615029566789e+00 3.742839310563853772e+00 3.028422116311776158e+00 3.647419774026363193e+00 4.154356831365837444e+00 4.356826746379779181e+00 4.209812947499587565e+00 3.543066576969393644e+00 3.569267863264300900e+00 3.594508948202676635e+00 3.822629805642595802e+00 4.161870749198194552e+00 4.243721256681457277e+00 4.278427770794952067e+00 4.278427770794952067e+00 4.351388744140025189e+00 4.273355875687693484e+00 4.391762676049939529e+00 4.413918343419748425e+00 3.136777965355972864e+00 3.196234682153288542e+00 3.481501384613121974e+00 0.000000000000000000e+00 1.246707065597577602e+00 1.058571286500375130e+00 3.576753412687997180e+00 3.579435505123508054e+00 3.622780103245970107e+00 4.538637528463584481e+00 4.488551136394724139e+00 4.510327239064396920e+00 3.620972865279756370e+00
3.045358364745992752e+00 3.272260438316031195e+00 3.116249979791547275e+00 4.010911835504542999e+00 2.797982533905354341e+00 3.925970664137199861e+00 3.936947430538487502e+00 2.909742172251817305e+00 3.590837147434080112e+00 4.374822676646769715e+00 4.604306277705621397e+00 4.420684685486286902e+00 3.758539306279985670e+00 3.797810996462442468e+00 3.825280568744531262e+00 4.072054163382533787e+00 4.391801121701866428e+00 4.400448816269613594e+00 4.405728514411503483e+00 4.437389963424445583e+00 4.615491743784739143e+00 4.492426281240164521e+00 4.586661425988737051e+00 4.594203955890264979e+00 3.375632728851504893e+00 3.363896618776157865e+00 3.685078914232094327e+00 1.246707065597577602e+00 0.000000000000000000e+00 9.589878509665862305e-01 3.784315647759182166e+00 3.786497936786979768e+00 3.829425918567982201e+00 4.679478631363775065e+00 4.656216433031488577e+00 4.671340184435382348e+00 3.826476912540822450e+00
3.221650291698430646e+00 3.473383788462463428e+00 3.305356209684093383e+00 4.144917927555167303e+00 2.944875642352218659e+00 3.925235695662257829e+00 4.062223379780727228e+00 3.056143978521030036e+00 3.600612796587839615e+00 4.431471219745978907e+00 4.580945761499627622e+00 4.444144699747698546e+00 3.917402013215948386e+00 3.953792170622460578e+00 3.983714812677619399e+00 4.187404099892246379e+00 4.431245180454254751e+00 4.431221494576334408e+00 4.431230762978424664e+00 4.436353223216660702e+00 4.563752318609470393e+00 4.464562241101909024e+00 4.502300367706646433e+00 4.505650475530904586e+00 3.549970794272386154e+00 3.520780876618478494e+00 3.813294692723262713e+00 1.058571286500375130e+00 9.589878509665862305e-01 0.000000000000000000e+00 3.937984267570477925e+00 3.939209084282815798e+00 3.987686169957472160e+00 4.686996176194929475e+00 4.627305780212330966e+00 4.606182067731614538e+00 3.984570558239174609e+00
1.969669414264608509e+00 1.761520459640281366e+00 1.926293279746044362e+00 1.174385332079350031e+00 3.200465829758735392e+00 4.283802731051699730e+00 1.275347310626675057e+00 3.077357701225336584e+00 4.003918306199080845e+00 2.591425044933306943e+00 2.493546357599954355e+00 2.602779225416878006e+00 8.370897047650039946e-01 1.178347463556808972e+00 1.207396796396527749e+00 1.317947146416047710e+00 1.616427375933617405e+00 1.957120037987673866e+00 2.713314043040256252e+00 2.556202370851663019e+00 2.698142371090320513e+00 1.673905705921771681e+00 2.185208441217361575e+00 2.360697343663327175e+00 1.777755348959328741e+00 1.781088433144402572e+00 1.468706647286586398e+00 3.576753412687997180e+00 3.784315647759182166e+00 3.937984267570477925e+00 0.000000000000000000e+00 3.692122437424153469e-01 5.140024485650960262e-01 2.934701414381739148e+00 2.976141154377558884e+00 3.077410899365074837e+00 5.122758231151248731e-01
1.940271079007293231e+00 1.799555630760659497e+00 1.915893605460329052e+00 1.235600322621789093e+00 3.249556620209865798e+00 4.247462542225080462e+00 1.341955873001370758e+00 3.064629890377805310e+00 3.975174058854435977e+00 2.661958072850710622e+00 2.562645801285762470e+00 2.668587132730298350e+00 8.923011440052992516e-01 1.171538113570317119e+00 1.174519200925304929e+00 1.317413652984465777e+00 1.550309115831126405e+00 1.887271376118428323e+00 2.696849906073352621e+00 2.579665135766624484e+00 2.695570682135335794e+00 1.699181781005620229e+00 2.204428898260694325e+00 2.380233949346470368e+00 1.804721715119481429e+00 1.814196310076940710e+00 1.494491969621106531e+00 3.579435505123508054e+00 3.786497936786979768e+00 3.939209084282815798e+00 3.692122437424153469e-01 0.000000000000000000e+00 3.711615219564682877e-01 2.846396529623927751e+00 2.934619582881651478e+00 3.058030683623301993e+00 3.697358588458080630e-01
2.008915575180944657e+00 1.849792064862610497e+00 1.962454136080281408e+00 1.312188403937236014e+00 3.268302015034382002e+00 4.248957274847713350e+00 1.422842006626669598e+00 3.091112996329115958e+00 3.977849361096219116e+00 2.601609092612721330e+00 2.515393816109939618e+00 2.644114837787662875e+00 9.573628847965470756e-01 1.220363431123316023e+00 1.199870585655890887e+00 1.302237316878257500e+00 1.493852943546009726e+00 1.824256390136300254e+00 2.708569401705472224e+00 2.568759761831395760e+00 2.687668415141155620e+00 1.666564605535128640e+00 2.164320274215297601e+00 2.340338127010038960e+00 1.815968309367737898e+00 1.815338400498264670e+00 1.494873460694086331e+00 3.622780103245970107e+00 3.829425918567982201e+00 3.987686169957472160e+00 5.140024485650960262e-01 3.711615219564682877e-01 0.000000000000000000e+00 2.765984271637541791e+00 2.847185000164308200e+00 2.971402106392999176e+00 7.966750224159115101e-02
3.733145473695678618e+00 4.009754017603584408e+00 3.855661618327117512e+00 2.985276262111655310e+00 4.463457945411993144e+00 5.334621856096899428e+00 3.051119213266352492e+00 4.357362070021055800e+00 5.225261673594447487e+00 3.719683419236098576e+00 3.709823907557825873e+00 3.629664231618040748e+00 3.171618181675238457e+00 3.298645720001395887e+00 3.251576439647979822e+00 2.738687978704251957e+00 1.905043764909752468e+00 1.475940301058118465e+00 3.427700327624325638e+00 3.044764913060309386e+00 2.935027454293184679e+00 2.394662415556151114e+00 2.027308755021378417e+00 1.740241391624856027e+00 3.314806027022906054e+00 3.598787769530143343e+00 3.130194281241622356e+00 4.538637528463584481e+00 4.679478631363775065e+00 4.686996176194929475e+00 2.934701414381739148e+00 2.846396529623927751e+00 2.765984271637541791e+00 0.000000000000000000e+00 5.102236626152796273e-01 1.198359100179943182e+00 2.768218153868658327e+00
3.741761814729634317e+00 4.002944718001580249e+00 3.851061366115834161e+00 3.028988544551263207e+00 4.462313493347243920e+00 5.452871223307861115e+00 3.072109085315014809e+00 4.383161873121633967e+00 5.272077479090338414e+00 3.639110192356709295e+00 3.670413962906302174e+00 3.616398531389462878e+00 3.262104105719763503e+00 3.415446895928084814e+00 3.360377349919097867e+00 2.695936962064275910e+00 1.861848162314066579e+00 1.433042706571346692e+00 3.377933651922474301e+00 3.015967352001861723e+00 2.874384374324269409e+00 2.569085949107555500e+00 2.152217760689556503e+00 1.857605408664747992e+00 3.258228933440724173e+00 3.537085975965620133e+00 3.099281214363545978e+00 4.488551136394724139e+00 4.656216433031488577e+00 4.627305780212330966e+00 2.976141154377558884e+00 2.934619582881651478e+00 2.847185000164308200e+00 5.102236626152796273e-01 0.000000000000000000e+00 8.480174578445548450e-01 2.849990064632112574e+00
3.808810108729932420e+00 4.041844477608829145e+00 3.858308315831890933e+00 3.142518979231101905e+00 4.566642914842613976e+00 5.583672329673684764e+00 3.178433905362265666e+00 4.503451630883317236e+00 5.319701173501239388e+00 3.679957455943681399e+00 3.723277794111818473e+00 3.654891811799351409e+00 3.350444552318400326e+00 3.525805127104943981e+00 3.466268773741249642e+00 2.603906115275659516e+00 1.853978627233144660e+00 1.430356239785304906e+00 3.407703104429874674e+00 3.069870110931749885e+00 2.938953318530056702e+00 2.673725328725751194e+00 2.285551396411408920e+00 1.983456650586211678e+00 3.186736303567106798e+00 3.530969240244794971e+00 3.209262981601217035e+00 4.510327239064396920e+00 4.671340184435382348e+00 4.606182067731614538e+00 3.077410899365074837e+00 3.058030683623301993e+00 2.971402106392999176e+00 1.198359100179943182e+00 8.480174578445548450e-01 0.000000000000000000e+00 2.975365385115177563e+00
2.006412387068785108e+00 1.846372617460723120e+00 1.959731670713102947e+00 1.310907937256477584e+00 3.265482811710201716e+00 4.247177822770784594e+00 1.420827193727899118e+00 3.088601177238419648e+00 3.976657388402987880e+00 2.601847633717805586e+00 2.515905929559590692e+00 2.645398674976839448e+00 9.570879459412614532e-01 1.219467175124226754e+00 1.197197447856658936e+00 1.305074919569187752e+00 1.499664078885619478e+00 1.829012809624003477e+00 2.735789749996202946e+00 2.574861974108739737e+00 2.667628913844131588e+00 1.672245488035376093e+00 2.168096454993060362e+00 2.344045809798332325e+00 1.815626206427446876e+00 1.812975787535947347e+00 1.493655181871906601e+00 3.620972865279756370e+00 3.826476912540822450e+00 3.984570558239174609e+00 5.122758231151248731e-01 3.697358588458080630e-01 7.966750224159115101e-02 2.768218153868658327e+00 2.849990064632112574e+00 2.975365385115177563e+00 0.000000000000000000e+00
